112
111
-124
100
5
-6
105
-120
-116
-20
-75
19
-13
-49
-70
-5
-47
85
16
-3
-117
-106
-101
-45
27
-35
-71
-17
-76
48
-116
91
49
52
4
-13
-117
-3
71
-47
117
-87
-35
80
105
63
122
26
110
36
38
111
-29
-95
-46
72
77
-117
24
-107
-69
-20
-126
-125
-111
69
29
-34
-50
127
87
-96
-22
42
-77
-7
-36
-113
-77
95
8
-59
39
67
-67
26
-114
37
80
-24
45
-97
-99
34
-60
21
-44
-104
-114
-8
-94
-74
93
73
-104
79
-94
-32
-100
85
65
74
-119
93
-50
101
-41
24
104
88
-70
17
-96
-113
-105
24
46
73
105
99
37
-33
-54
115
113
-34
2
-13
-50
111
-46
78
47
-27
123
31
-64
79
96
-109