3052
22058
2660
22588
2961
28350
7214
19672
2887
29748
779
30293
19501
18590
2565
25621
18349
28523
877
5496
32610
9123
22157
30363
19884
2456
139
15601
12025
29667
24137
13030
18601
28571
17151
755
23623
22778
17121
26454
26873
25727
29690
14966
15451
12548
7914
16989
4158
27311
4894
14361
10118
22960
20722
20915
25558
5861
14004
27975
22387
19070
7224
16167
8198
27658
5536
30663
14434
25142
30852
17571
22582
19736
3400
1316
13420
12640
5822
5873
16300
25329
20888
28586
9607
30295
25305
8037
12634
4512
11495
32406
22223
14999
6963
29296
17667
23174
9430
27004
26035
31926
8119
24106
19685
21977
23287
17963
28695
21607
7340
4748
27357
17525
6195
2757
16285
2295
22915
19129
4604
25474
11760
15098
4927
16672
27822
21420
26549
27768
1728
20406
860
17034
6045
6659
3492
15179
2009
4046
21074
19634
1474
17342
17560
1031
5611
21063
300
8488
